0 506 329 14
322 521 9 48
333 559 186 10
520 569 25 10
546 578 19 7
561 586 18 7
576 594 18 7
592 603 19 7
609 611 18 7
620 624 359 8
975 615 18 7
990 607 18 7
1006 599 19 7
1022 590 18 7
1038 582 18 7
1054 573 18 7
1073 567 417 7
1491 572 18 7
1507 580 18 7
1522 588 18 7
1538 596 19 7
1553 604 19 7
1570 612 18 7
1582 624 546 7
2127 615 19 7
2143 606 18 7
2158 597 18 7
2175 589 19 7
2191 581 18 7
2207 573 18 7
2224 565 419 7
2621 575 22 67
2645 635 214 7
2860 563 19 79
2880 563 466 6
3343 553 19 7
3359 544 19 7
3375 536 18 7
3391 528 18 7
3406 520 19 7
3424 512 18 7
3443 503 223 7
3726 867 503 7
4592 508 17 7
4607 517 18 7
4623 526 18 7
4639 535 19 7
4653 545 19 7
4671 554 18 7
4690 565 287 7
4966 574 34 171
5001 727 421 7
5424 661 7 72
5424 653 413 7
5836 644 20 7
5854 636 21 7
5869 628 21 7
5885 620 20 7
5900 612 20 7
5917 604 21 7
5936 596 646 7
6583 512 8 90
6583 504 585 7