  143   44  80  97
  241   41  79  96
  339   44  79  96
  437   44  79  96
  535   44  79  98
  633   44  79  97

  148  205  72  87
  246  205  72  88
  344  205  72  89
  442  205  72  90
  542  205  72  87
  638  205  72  89
  736  205  72  89

  143  344  78  95
  242  344  78  95
  340  344  78  95
  437  344  78  95
  537  344  78  95 

  135  488  92  97
  241  485  82  99
  338  483  81  99
  439  477  86 106
  527  489  96  97
  
  146  634  81  92
  245  634  78  92
  342  636  84  92

  148  804  83  92
  242  806  89  86
  349  804  79  91
  436  807  93  72
  539  814  95  73
  651  817  95  73
