     5    25    34    40
    42    25    34    40
    81    25    34    40
   120    25    34    40
   157    25    34    40
   194    25    34    40


     7    72    35    44
    47    72    36    44
    88    72    37    44
   129    72    32    44
   167    72    33    44
   206    72    33    44
   246    72    35    44
   286    72    38    44
   328    72    40    44
   372    72    35    44
   412    72    32    44
   450    72    33    44


    17   123    32    54
    58   123    31    54
    94   123    29    54
   131   123    29    54
   167   123    29    54
   203   123    29    54
