0 150 65 150 0
68 161 7 56 1
59 200 25 150 0
83 209 8 63 1
70 265 37 150 0
95 265 20 87 1
112 332 430 96 0
535 332 67 29 3
599 358 60 70 0
654 335 56 26 2
708 335 98 73 0
804 335 33 23 3
834 355 48 38 0
879 335 62 24 2
941 335 38 83 0
978 335 71 20 3
1048 351 44 47 0
1090 335 25 20 2
1111 335 160 62 0
1266 335 22 16 3
1284 348 284 51 0
1565 338 29 15 2
1593 338 58 59 0
1649 314 74 31 2
1719 314 58 68 0
1773 283 125 38 2
1897 285 50 64 0
1939 285 75 23 3
2013 306 94 129 0
2104 306 8 76 1
2104 370 98 70 0
2190 370 141 37 3
2326 398 78 63 0
2402 398 115 39 3
2515 432 105 70 0
2618 402 100 37 2
2717 402 88 70 0
2802 372 119 35 2
2919 372 178 116 0
3093 372 50 20 3
3143 381 60 100 0
3200 347 132 40 2
3325 347 86 112 0
3439 399 125 70 0
3551 344 13 64 1
3560 344 39 57 0
3598 321 64 28 2
3659 321 74 75 0
3718 291 14 72 1
3732 291 92 72 0
3814 258 14 74 1
3821 259 107 73 0
3912 226 10 86 1
3923 222 49 86 0
3968 208 94 20 2
4062 208 59 56 0
4119 211 9 151 1
4119 330 36 33 0
4149 330 11 70 1
4149 393 23 25 0
4165 393 10 82 1
4165 459 144 53 0
4299 403 13 94 1
4311 403 96 102 0
4403 403 10 68 1
4415 429 56 72 0
4470 397 117 36 2
4586 397 140 94 0
4782 397 357 115 0
5135 397 11 112 1
5148 459 161 53 0
816 277 65 37 0
877 254 57 23 2
935 254 53 33 0
989 254 58 25 3
1047 274 61 47 0
1289 274 110 37 0
1450 274 106 45 0
2411 342 298 42 0
2511 274 110 40 0