0 499 324 140 0
321 495 24 75 1
338 564 182 140 0
520 563 102 75 2
622 629 364 140 0
981 566 99 67 2
1080 565 393 140 0
1469 568 112 61 2
1578 622 559 140 0
2131 565 101 58 2
2231 569 393 140 0
2620 566 25 103 1
2641 626 223 140 0
2860 570 25 107 1
2881 566 474 140 0
3348 497 106 74 2
3453 498 207 140 0
3731 496 846 140 0
4578 500 110 84 2
4687 558 272 140 0
4956 557 50 170 1
5006 717 418 140 0
5423 659 27 78 1
5448 658 397 140 0
5842 594 108 72 2
5950 590 615 140 0
6563 501 44 111 1
6606 499 562 140 0