 143  41   76  107
 240  41   76  107
 338  42   76  107
 438  41   76  106
 533  40   76  108
 635  41   76  108

 152  198  71   98
 250  200  71   99
 347  200  70  100
 447  195  71  101
 541  199  70   97
 642  201  71   99
 735  202  71  100

 150  333  80  111
 287  330  90   97
 450  339  95   95
 612  341  85  105
 
 141  484  77  107
 263  488  76  107
 386  491  91  105
 526  493  92  105
 682  486  87  108
 
 141  658  88  102
 241  659  84  101
 337  661  87  101

 131  801  89  111
 258  864  90  108
 369  803  91  112
 475  808 107  101
 606  802 109  105
 737  813 109  107
