   11   15   66  79
   90   15   66  79
  169   16   66  78
  249   17   65  77
  
  380   21   67  73
  460   19   65  75
  537   18   64  76
  612   20   64  74
  688   19   64  75
  764   18   64  75

    8  223   77  92
  102  222   77  93
  199  224   75  91
  288  224   75  91
  373  247   68  68

   17  119   61  76
   95  120   63  75
  108  118  108  78
  296  118   55  78

  378  338   52  81
  437  338   53  81
  502  331   72  88
  585  351   68  68
  686  372   78  44
  776  393   88  30
  
  404  117   67  78
  487  120   61  75
  559  119   62  76
  632  110  100  85
  749  131  100  64
  856  127   68  68
  
  517  243   68  68
  607  231   67  80
  690  220  103  87
  811  242  102  65
  918  223   68  87
 1000  242   68  68
 
   23  343   61  76
   95  339   69  80
  175  339   69  80
  251  343   61  76
  
